1000 9912
957 511
695 490
593 32
445 597
228 13
367 954
886 734
871 891
981 698
57 780
459 160
267 513
463 680
13 585
485 668
142 919
380 422
882 992
795 955
672 662
688 553
763 111
179 398
327 254
184 376
596 581
69 202
445 111
47 143
855 548
861 551
991 420
355 350
891 880
130 376
517 380
596 283
482 839
801 729
398 633
350 342
118 978
926 799
212 147
784 884
162 952
680 933
257 916
165 803
353 67
761 190
227 630
361 712
322 862
441 828
653 223
432 301
420 326
738 457
666 26
137 840
376 122
28 771
949 745
110 687
571 171
755 694
404 818
386 453
995 264
380 689
570 353
558 204
78 56
794 361
262 195
357 207
966 316
767 948
235 322
404 16
703 668
776 931
985 863
894 265
197 551
220 712
779 213
85 582
266 480
107 838
227 771
349 797
405 539
673 827
964 366
712 287
384 746
313 180
101 405
75 688
130 873
312 124
426 782
791 529
976 35
960 952
854 452
604 571
851 474
935 189
169 806
506 397
959 779
433 873
660 756
682 108
78 769
726 125
877 255
813 477
576 534
423 719
890 378
502 76
395 642
565 418
456 948
678 67
37 89
476 559
592 256
900 473
380 451
939 629
61 861
108 98
400 171
883 924
518 939
524 556
257 8
139 534
982 548
786 371
971 563
369 854
352 323
896 826
913 892
400 73
6 725
736 424
185 662
365 768
421 574
188 799
689 806
102 253
50 792
841 99
219 947
127 794
20 704
206 175
667 939
7 330
45 19
746 928
249 648
12 348
430 951
399 556
970 680
963 385
991 882
651 383
233 124
135 439
688 696
753 963
159 450
646 976
495 474
355 623
176 266
234 528
401 619
453 519
661 253
295 380
650 110
251 831
215 856
794 685
552 836
811 49
117 858
116 643
264 780
802 276
968 532
969 57
388 149
744 123
1000 389
32 407
930 432
218 334
455 111
286 134
169 770
575 398
388 36
765 524
989 609
104 820
332 329
886 800
407 377
669 838
528 870
813 927
692 25
839 410
628 792
320 176
50 361
97 962
227 323
464 895
378 989
649 873
936 489
4 281
834 472
106 931
770 880
40 77
928 61
23 156
316 394
32 561
362 344
421 577
226 507
154 76
953 836
165 588
426 844
707 725
580 621
943 957
103 176
585 177
71 662
87 942
628 369
665 233
775 788
172 495
899 209
887 784
604 490
508 439
515 363
791 494
957 962
7 63
907 245
581 982
199 742
450 172
59 788
944 126
727 349
855 264
158 968
107 992
716 978
879 390
55 320
920 247
629 619
8 913
860 487
546 369
566 116
380 991
661 160
722 334
427 118
113 845
699 962
132 449
423 194
983 394
958 940
509 543
661 386
683 470
863 163
742 631
484 835
892 64
983 379
90 454
440 233
848 38
925 446
527 414
622 24
180 235
806 355
955 907
118 267
130 410
123 483
624 652
713 941
646 395
8 11
100 913
801 466
658 61
986 990
53 517
751 594
518 593
189 69
348 543
619 528
377 477
639 477
929 630
172 923
441 320
326 486
58 768
645 338
118 68
838 333
435 362
787 513
80 651
525 141
122 506
698 707
771 21
538 296
85 433
410 167
183 958
654 386
80 937
706 917
434 752
918 38
941 255
448 947
448 572
685 250
410 488
28 943
233 203
140 817
817 147
746 11
823 925
94 522
945 823
797 20
608 215
58 248
690 494
319 236
284 586
358 607
253 363
695 372
673 679
136 230
325 755
815 558
824 414
398 369
716 724
863 519
117 865
264 885
467 846
273 761
241 141
259 570
761 950
794 889
778 322
963 834
531 902
125 627
899 746
424 732
694 633
542 266
601 974
655 41
894 825
643 721
703 222
972 99
506 945
961 470
569 845
138 711
378 192
70 650
36 526
313 603
691 702
8 39
529 379
91 730
477 829
25 817
812 794
431 156
587 26
861 599
753 886
283 230
548 969
580 993
41 664
688 999
763 317
751 706
951 586
495 702
690 240
249 32
658 850
625 397
150 94
874 40
306 376
126 329
823 317
58 745
152 922
793 890
111 804
685 316
596 105
11 789
799 308
803 108
183 51
6 848
440 920
573 504
717 932
361 122
219 884
846 403
498 261
525 710
769 60
898 472
298 498
828 537
595 894
337 18
766 245
131 548
346 224
54 209
917 221
404 384
371 847
9 496
337 931
121 884
565 715
158 147
220 632
869 69
890 674
622 263
739 553
461 467
389 118
262 780
982 159
855 135
973 376
104 255
437 973
787 12
384 521
973 457
976 435
674 934
990 660
656 692
313 518
297 960
578 10
411 913
963 604
213 37
52 869
290 814
960 758
902 745
619 587
265 756
43 984
307 81
681 188
134 364
916 957
22 996
467 279
431 176
236 424
843 144
667 110
724 373
246 241
818 974
175 191
13 48
839 868
182 617
218 862
959 296
119 543
822 953
179 937
805 165
461 623
705 497
961 623
727 884
144 79
699 287
58 653
295 744
6 613
504 899
600 328
374 631
857 607
923 933
314 994
339 269
675 487
715 998
348 197
224 987
372 195
104 609
840 181
966 565
834 479
185 992
629 997
561 77
465 48
618 118
632 322
968 89
992 335
962 619
690 570
217 544
607 963
375 883
733 617
439 738
962 269
817 534
569 343
763 441
997 261
85 443
360 214
77 817
454 512
185 269
683 122
795 580
688 404
835 327
48 563
630 824
898 915
611 284
906 422
817 833
32 7
216 292
929 180
480 942
310 616
177 205
587 452
971 101
668 3
317 107
411 234
600 911
89 500
355 409
908 993
142 281
182 730
131 800
278 233
842 110
239 652
446 770
362 345
605 267
552 169
515 63
199 574
19 812
168 146
791 154
422 428
893 624
633 99
554 746
520 598
444 454
126 16
736 292
223 958
687 443
675 387
586 810
400 739
864 88
997 788
103 401
966 529
491 691
524 379
286 2
271 746
238 379
560 175
779 717
416 407
345 631
16 689
185 222
60 990
232 654
81 93
190 329
158 235
806 567
719 526
647 285
70 552
413 423
454 733
972 922
720 195
186 611
975 801
123 132
150 181
603 158
273 685
555 19
38 254
41 298
605 14
544 351
412 391
610 976
574 111
385 985
460 443
544 462
714 914
622 891
933 244
165 90
937 241
520 423
919 289
961 235
134 847
212 411
819 245
640 960
645 337
889 377
687 938
387 398
249 11
966 38
145 320
143 981
443 935
417 704
490 502
827 797
494 619
909 1
895 506
3 348
997 598
139 29
712 809
976 622
439 870
478 792
427 806
837 351
725 400
310 241
457 515
332 921
336 348
926 415
927 866
451 61
627 180
851 444
724 694
823 674
310 787
441 96
114 518
376 870
638 871
125 784
471 260
720 272
539 884
226 585
155 591
1000 32
581 525
108 549
879 232
829 515
521 338
595 673
228 414
618 514
213 302
329 801
702 226
796 355
910 200
137 170
433 835
325 693
203 89
350 792
630 328
407 307
891 20
820 24
806 31
627 526
478 124
170 309
891 901
882 515
143 666
293 9
902 669
652 576
728 230
965 519
148 924
675 910
808 237
956 957
369 765
633 792
904 704
45 762
818 954
925 886
451 703
322 813
987 785
948 521
115 586
220 734
652 309
304 395
158 570
589 846
644 657
791 194
760 260
683 616
606 202
102 709
557 313
16 174
509 207
6 521
408 264
390 360
709 70
68 338
824 563
988 131
861 395
791 972
519 709
166 951
25 1
464 320
998 108
690 309
323 804
753 713
698 792
315 617
591 215
542 905
357 205
305 354
841 816
56 600
717 349
723 308
945 754
723 913
340 410
2 565
276 212
828 905
135 371
121 891
327 523
879 46
664 53
901 712
230 643
725 916
394 266
432 585
307 615
454 650
318 421
599 44
676 313
345 329
971 397
777 212
265 392
527 416
256 581
325 681
252 671
581 409
450 694
434 275
695 908
86 674
106 683
602 308
450 553
5 761
282 798
50 466
164 95
293 190
614 722
80 709
373 64
981 257
941 956
911 618
240 827
810 635
114 860
577 412
923 136
62 708
502 415
982 168
479 188
606 1
383 392
809 289
280 529
387 343
310 560
130 239
210 961
862 713
81 948
75 550
63 472
823 38
760 254
889 990
585 501
302 203
93 694
519 446
685 82
30 153
735 529
984 885
489 441
822 405
755 946
171 357
817 299
705 680
366 128
771 710
629 518
462 663
67 37
837 585
548 572
453 816
977 190
446 139
138 856
975 13
180 499
275 33
798 975
268 878
404 830
252 345
237 143
934 319
313 327
702 299
333 700
373 639
320 613
238 779
275 255
137 868
743 794
229 588
644 247
131 476
441 596
5 315
506 50
415 924
240 234
557 911
839 37
194 680
238 724
369 603
164 541
402 448
48 936
786 450
573 10
810 460
148 364
803 94
624 46
240 807
425 763
750 787
490 403
326 821
820 27
28 679
505 310
253 912
149 853
211 388
949 702
514 109
920 428
738 399
775 790
434 536
965 164
936 950
556 391
849 395
921 6
280 954
525 700
374 882
825 610
534 424
997 868
634 942
765 136
932 529
863 783
348 456
556 165
831 493
172 158
104 892
788 345
712 123
397 831
954 920
168 781
392 385
946 984
820 961
380 815
159 561
508 117
557 414
119 301
803 610
128 314
681 898
830 265
639 923
986 11
274 255
224 771
929 953
677 523
740 493
139 916
502 1000
839 491
890 210
950 896
631 69
647 992
302 435
873 661
454 158
476 610
312 643
350 95
895 929
201 653
313 799
787 462
779 802
339 795
692 797
169 312
334 610
412 580
287 360
344 818
400 4
164 229
516 338
700 407
974 562
645 626
114 868
248 334
430 160
128 670
779 355
878 802
37 450
844 982
24 991
499 383
339 230
840 385
804 712
474 899
205 561
723 76
483 979
11 888
714 265
128 98
727 541
136 739
819 590
950 228
953 576
148 294
902 379
447 298
620 610
218 838
871 947
881 951
718 98
794 562
544 833
872 718
944 235
396 890
613 217
280 291
507 479
551 791
988 659
275 488
276 791
704 858
693 194
397 517
626 167
782 740
635 863
221 507
90 472
952 435
436 155
898 937
593 455
795 527
635 204
849 72
321 132
434 413
255 567
825 276
476 800
847 851
972 856
749 77
770 754
874 814
781 466
341 427
236 55
847 625
574 155
297 77
835 717
675 800
255 506
235 195
350 458
886 8
580 995
265 952
913 4
239 854
921 529
558 990
335 419
83 314
999 888
70 84
434 769
184 695
546 840
278 1
795 361
27 771
529 197
334 309
1 492
140 57
439 54
402 909
425 604
746 824
111 365
287 98
205 725
137 845
600 285
448 538
604 317
767 851
1 142
310 432
222 732
116 71
319 418
429 286
875 754
3 601
727 406
557 606
717 348
699 177
189 771
228 895
180 762
346 238
864 879
336 456
449 751
786 742
750 335
958 952
835 79
285 50
659 509
937 739
555 188
114 36
920 975
886 654
958 779
308 460
708 854
406 956
507 127
659 362
753 379
350 987
830 449
212 536
838 956
394 621
414 616
860 680
945 228
815 484
835 506
602 19
895 539
571 945
697 366
805 496
457 322
39 568
500 416
136 361
402 175
231 272
322 620
216 23
878 521
717 693
80 710
588 678
700 488
611 799
633 827
852 19
545 765
250 365
841 262
736 572
41 846
280 530
740 840
898 809
956 160
480 105
875 756
796 601
728 831
197 196
418 787
383 745
741 519
67 744
818 272
837 500
768 517
626 264
756 196
3 548
544 454
161 128
236 780
590 839
132 827
896 423
157 408
837 278
822 106
128 130
223 651
519 462
754 366
20 286
617 948
907 424
537 70
752 925
254 971
314 292
105 377
307 725
289 98
422 262
918 667
190 290
266 274
786 605
559 989
582 935
877 813
368 707
152 708
669 33
359 959
30 741
660 804
114 298
463 621
725 378
726 45
969 808
273 993
471 898
806 305
496 246
42 174
389 923
200 942
700 575
386 691
973 717
464 995
946 347
430 312
929 623
790 552
978 968
615 573
567 702
307 476
725 192
904 778
670 849
888 984
468 201
16 442
236 285
93 164
709 362
88 348
523 949
623 960
862 392
211 22
822 522
2 7
679 963
993 88
870 774
987 614
970 888
537 315
849 633
33 596
729 759
380 645
987 407
310 120
21 251
103 403
993 291
533 144
376 915
124 753
875 587
750 549
823 811
862 855
521 713
958 534
869 185
546 140
105 196
470 860
346 166
937 793
259 805
953 366
598 474
501 890
156 427
656 611
86 816
38 899
924 928
410 966
513 799
953 80
836 756
302 871
915 834
657 692
266 380
244 821
20 488
762 563
873 634
730 21
764 134
930 467
34 540
591 992
481 561
49 789
928 240
978 712
240 184
203 12
775 342
425 26
925 733
138 689
531 186
593 533
606 301
700 690
460 667
374 497
965 690
197 344
344 132
993 297
191 874
140 232
952 562
257 908
994 181
458 522
559 479
732 993
861 131
808 17
681 293
205 607
701 826
758 821
535 183
315 80
101 623
269 575
384 343
85 987
926 739
830 455
488 907
417 401
521 779
168 573
23 609
121 515
103 439
175 794
767 924
949 400
955 270
925 165
63 773
929 431
604 239
589 381
437 240
440 332
292 725
300 805
342 173
641 140
497 830
149 413
206 678
924 533
411 586
528 448
218 112
621 285
351 316
83 776
975 918
636 414
878 71
418 481
312 100
77 796
13 756
12 905
380 307
255 929
366 266
441 689
687 555
501 481
427 386
821 222
938 73
702 115
302 605
450 848
435 60
588 78
260 177
173 656
271 467
991 812
528 560
140 430
455 743
938 719
10 910
725 133
642 492
303 851
640 861
880 114
678 261
313 939
106 998
144 215
498 566
371 286
576 202
227 634
147 837
512 866
987 640
732 140
218 923
718 528
330 369
118 752
256 784
638 491
213 33
183 12
314 973
211 447
230 105
12 180
732 235
144 794
861 393
129 496
348 252
439 215
300 127
15 996
590 872
348 147
243 127
79 493
102 902
621 878
306 699
436 766
954 127
561 183
581 828
340 878
125 208
641 127
401 754
823 787
834 584
324 698
401 643
424 828
171 25
651 787
530 736
858 245
346 1
845 473
372 733
66 384
907 762
103 927
380 224
901 488
431 377
17 733
276 522
152 536
27 665
670 446
123 63
565 140
19 232
48 872
877 251
177 644
723 749
868 450
175 90
929 578
198 329
398 831
921 722
817 318
573 771
672 428
395 535
255 409
607 180
938 675
596 315
447 498
378 820
201 981
239 885
990 215
615 766
32 553
732 570
325 124
753 625
331 551
740 841
16 294
513 120
666 459
64 361
728 768
89 970
499 373
366 586
826 225
519 666
638 796
944 360
582 318
819 536
396 767
680 306
185 628
607 665
42 791
780 61
107 619
715 872
689 405
589 436
475 124
572 582
955 310
479 540
689 486
232 343
267 840
548 431
94 893
385 389
261 378
465 215
393 946
67 39
835 88
346 652
52 531
781 964
167 209
279 233
636 454
227 520
884 676
787 444
695 607
242 229
618 600
311 827
296 496
764 465
69 741
489 789
164 527
18 511
152 995
83 953
999 767
726 925
236 330
867 89
890 154
984 219
456 980
700 687
331 276
151 225
784 658
969 666
677 169
168 119
541 470
192 109
528 663
786 339
952 535
226 260
634 121
763 599
378 699
453 43
255 147
924 980
93 69
82 214
634 347
118 568
396 268
839 760
595 108
499 387
154 874
48 217
745 622
35 37
694 714
849 393
560 836
617 885
799 329
413 864
550 528
168 721
99 839
25 872
867 977
178 261
664 849
223 750
495 405
928 710
711 837
950 427
592 723
6 19
323 173
306 933
271 917
807 199
783 847
426 174
542 112
925 152
319 953
345 278
54 446
39 46
635 949
289 622
714 494
358 864
252 483
270 198
337 634
293 687
539 651
173 905
544 739
194 420
548 903
442 986
151 950
815 415
230 853
1000 372
375 404
913 355
640 677
644 213
513 543
976 269
332 286
996 739
240 8
991 79
848 983
563 332
490 576
507 877
628 878
420 875
496 497
313 797
248 626
694 593
468 127
107 201
514 523
587 195
168 83
249 8
895 577
412 582
259 205
740 946
45 804
453 15
201 126
844 976
849 698
888 288
562 949
482 625
763 736
76 973
439 93
421 890
620 958
859 542
89 770
509 153
201 344
827 252
997 775
708 297
709 240
984 529
894 52
280 920
10 257
505 931
732 38
54 94
133 581
206 901
278 534
34 10
868 693
869 220
411 61
727 210
30 102
323 248
640 214
604 159
567 261
539 984
77 57
220 352
121 973
39 125
285 221
175 107
532 194
534 912
959 141
686 847
37 817
860 710
899 750
683 71
597 405
545 58
194 392
431 469
898 440
174 553
285 912
507 800
455 448
5 369
498 613
321 932
561 674
493 670
317 144
445 475
305 616
2 606
969 705
342 589
914 194
166 383
352 717
728 211
577 4
120 601
999 997
925 962
831 273
562 291
121 113
304 575
86 239
19 760
461 583
357 566
709 289
33 832
895 10
988 376
571 448
912 463
685 312
173 315
249 774
809 484
573 387
166 859
581 136
609 87
862 611
32 916
228 539
559 577
543 204
211 303
620 561
56 748
10 59
202 918
21 50
957 774
836 233
380 829
186 482
884 253
176 148
584 17
608 247
720 465
777 622
48 350
911 511
197 691
510 650
209 237
690 884
367 795
61 553
940 492
750 431
169 920
631 376
142 965
721 372
482 288
100 887
599 271
855 993
89 194
585 936
203 70
668 132
191 489
433 765
584 907
235 681
491 323
492 24
365 294
424 264
499 844
753 404
248 488
194 152
564 901
377 296
102 561
457 320
294 893
960 377
299 969
563 132
502 240
550 386
164 511
368 244
496 313
928 467
283 381
946 151
984 30
912 267
107 145
566 952
40 86
405 683
886 389
916 118
852 29
801 873
325 123
145 269
865 158
278 35
559 406
600 221
839 902
328 288
993 50
520 958
872 829
173 200
376 44
893 729
659 897
599 26
514 132
550 590
568 969
545 443
650 580
803 190
555 913
369 538
556 414
168 615
222 702
760 1
851 170
224 846
724 523
309 331
366 788
264 580
52 483
768 936
975 555
542 138
944 181
811 167
168 931
668 548
398 301
514 150
242 147
461 499
180 109
555 43
350 949
651 508
97 650
222 371
760 160
164 520
592 195
701 511
955 979
104 509
986 875
826 876
98 135
924 433
563 371
800 143
151 968
677 199
400 381
368 129
60 207
689 697
781 361
201 871
109 918
3 57
597 897
505 473
12 356
573 120
779 537
391 471
876 207
642 563
353 910
5 781
300 915
763 711
197 21
605 184
881 45
990 466
379 891
529 796
509 244
594 826
980 435
582 283
913 526
453 477
607 764
422 868
119 746
779 421
998 43
447 307
908 263
231 728
698 223
607 781
318 402
868 515
225 519
98 783
855 263
20 950
367 89
464 200
349 651
219 94
647 392
102 952
963 79
642 963
401 586
591 607
462 458
11 507
86 925
822 950
533 338
129 532
137 33
212 995
261 166
604 585
94 523
497 451
575 88
655 259
742 763
502 892
583 701
52 59
489 871
886 918
435 228
892 291
930 576
459 920
977 710
759 13
796 57
635 3
943 314
835 581
564 13
621 44
783 301
821 922
952 871
965 559
123 708
110 349
382 627
75 857
634 164
374 503
433 487
466 361
502 427
511 139
884 695
44 590
649 628
616 737
763 626
13 453
3 307
22 125
62 786
712 591
197 9
309 975
888 400
338 81
232 724
175 710
562 64
440 897
383 675
785 991
296 613
794 492
797 987
695 60
54 940
606 649
903 211
367 858
343 390
346 358
809 161
992 412
538 792
25 843
353 598
409 676
654 376
208 282
850 873
689 301
673 928
323 251
993 663
355 682
739 301
376 655
623 29
272 954
958 786
464 466
440 386
216 595
879 244
77 794
544 657
872 126
891 202
484 876
716 439
864 642
781 749
692 440
164 753
871 318
9 996
874 922
933 771
551 340
99 109
766 791
160 487
416 849
459 280
442 721
795 223
619 189
304 722
938 717
667 409
705 206
464 434
852 123
566 989
516 162
59 457
633 796
733 429
836 647
563 73
404 619
900 656
740 855
118 839
391 287
103 17
748 458
787 766
899 472
442 277
999 91
876 422
490 121
956 270
776 764
357 791
158 728
305 132
306 316
658 640
309 596
646 573
611 672
46 365
361 125
827 392
703 565
281 348
341 724
272 617
916 194
556 217
176 149
493 394
989 517
662 405
305 89
354 816
261 260
744 472
547 887
90 246
224 624
501 816
907 367
255 865
424 973
99 717
804 776
213 349
68 560
440 55
5 33
264 997
178 599
33 184
472 840
768 309
218 372
203 232
522 876
616 95
51 268
911 946
166 79
425 199
619 689
47 824
490 999
265 767
30 825
276 368
625 241
588 963
628 816
723 604
170 676
506 252
70 917
1 690
166 440
739 454
979 439
924 332
874 547
601 489
503 729
499 538
136 586
11 598
231 243
782 705
514 355
520 976
975 208
540 435
863 508
709 260
718 626
336 988
103 138
569 770
939 420
988 204
571 348
22 404
409 977
248 103
973 519
261 565
357 177
689 58
880 683
935 565
756 118
408 6
651 194
524 332
676 663
531 174
503 538
626 953
93 596
333 453
885 680
635 589
686 571
750 366
822 139
492 554
608 259
294 496
42 361
746 497
950 751
114 71
565 972
234 828
492 456
91 391
464 297
263 717
985 377
834 824
61 814
668 378
561 128
14 156
933 842
184 327
8 21
625 136
787 905
748 871
236 235
789 801
597 174
725 89
30 789
808 395
175 657
903 772
961 179
728 162
502 221
128 69
397 159
109 917
511 1
518 905
482 777
728 81
549 109
862 508
330 213
495 765
117 43
173 265
581 412
272 102
36 7
808 56
992 949
791 145
10 678
619 118
452 855
438 774
684 554
866 709
510 180
572 919
211 377
747 347
395 78
841 914
589 628
737 193
538 914
64 533
854 888
50 536
270 793
641 411
185 775
719 838
101 187
525 521
674 325
323 113
719 478
56 532
497 902
686 484
11 284
621 965
640 204
767 731
91 106
113 758
647 395
315 610
194 785
506 559
101 959
309 64
546 928
4 754
709 660
216 632
15 402
751 932
752 47
9 622
579 15
86 13
52 149
787 474
147 123
756 670
944 242
949 306
471 562
790 894
259 738
869 715
587 803
197 427
929 814
605 821
108 371
806 244
702 397
260 216
62 324
194 324
877 193
970 485
255 381
297 85
61 20
468 328
568 440
92 910
312 630
153 566
286 890
197 325
217 447
680 801
666 764
121 91
1000 818
452 661
698 717
861 879
218 787
679 642
811 969
601 338
987 697
179 996
236 659
58 735
75 535
849 696
250 531
492 843
434 746
914 672
679 992
946 825
63 723
563 699
145 657
328 200
590 736
797 986
524 54
693 665
340 631
237 749
20 885
522 467
465 482
466 829
806 795
880 755
832 630
82 365
279 837
270 612
287 718
695 221
627 187
559 882
798 222
655 627
298 804
686 627
708 507
15 321
454 675
570 136
972 804
376 86
78 483
636 409
621 715
109 503
371 516
137 92
377 583
233 555
622 79
471 609
772 354
313 387
208 871
62 6
856 531
939 302
269 472
754 206
296 458
973 432
434 470
596 733
78 812
526 768
982 454
473 246
539 439
740 284
284 121
213 252
914 177
22 978
575 674
118 268
136 369
669 697
431 154
18 781
992 672
593 903
605 428
868 322
630 1
960 61
136 687
266 738
467 95
246 426
272 31
494 606
136 574
103 16
503 794
657 943
827 828
758 788
500 12
107 354
606 840
476 53
848 825
885 159
390 365
837 28
399 721
898 176
573 498
150 301
372 245
710 693
713 151
534 391
917 5
958 610
41 261
527 324
98 837
375 583
690 641
806 775
627 230
702 756
945 853
913 243
660 200
661 113
883 1
836 237
746 267
730 660
488 23
180 373
327 518
937 854
350 701
99 639
941 562
229 224
893 345
380 140
91 195
384 737
593 5
564 305
177 879
91 993
829 659
519 488
777 40
36 680
9 950
363 481
255 727
687 666
579 997
53 470
956 649
169 201
484 483
715 114
131 133
165 983
62 495
65 409
283 462
437 841
477 908
938 686
335 274
895 202
382 795
459 542
299 135
5 902
780 268
249 966
670 904
838 30
913 885
606 10
59 325
278 33
540 396
417 643
550 765
2 63
81 542
44 422
677 998
617 107
196 377
934 751
794 434
370 247
286 270
803 160
242 634
448 745
488 966
50 629
63 969
910 850
147 418
790 633
242 943
24 70
64 839
38 923
935 491
225 820
725 947
270 382
704 902
82 998
237 138
534 862
826 367
61 700
133 95
652 961
156 144
194 95
363 828
713 809
143 394
40 617
598 540
906 416
801 350
549 552
587 365
90 271
329 589
990 890
204 827
80 489
981 93
34 395
178 858
251 368
14 12
921 770
100 587
122 15
710 388
450 518
255 297
274 344
717 708
61 96
688 281
856 408
529 470
417 988
35 541
836 543
22 885
762 78
688 933
820 814
187 295
80 821
852 51
809 256
847 466
466 421
287 145
589 785
956 320
706 827
529 786
427 377
236 590
827 542
234 824
242 527
520 555
831 677
172 486
138 338
470 519
335 987
358 328
399 446
276 427
599 130
103 540
451 71
327 936
309 429
55 345
920 254
315 756
228 819
600 870
51 794
989 915
203 631
294 386
281 445
704 708
67 4
565 781
497 231
795 301
906 147
506 671
582 884
623 104
886 714
498 779
560 274
501 664
328 162
428 738
488 269
34 681
299 343
928 133
602 36
937 473
22 725
821 887
593 760
856 342
491 269
74 319
290 848
338 632
532 732
458 33
615 605
545 607
857 989
331 386
465 342
170 524
64 7
441 569
480 423
990 146
836 572
14 548
308 769
537 761
495 897
442 383
336 790
207 61
171 685
241 911
573 380
496 944
297 673
7 378
380 566
767 186
895 369
646 599
871 200
875 781
346 501
219 865
662 173
23 637
140 703
125 87
36 504
591 366
794 652
30 218
271 724
436 417
916 159
935 333
383 784
100 282
745 75
410 772
162 165
217 232
339 755
65 598
998 390
747 642
952 346
716 723
474 226
294 313
132 428
554 233
975 914
432 562
731 438
56 254
328 611
310 567
549 438
223 370
134 481
564 350
256 639
204 157
208 856
484 765
303 283
289 811
270 80
307 436
226 788
265 368
584 914
934 90
937 326
80 433
134 658
943 472
395 670
611 8
904 1000
182 773
100 515
819 215
621 159
342 576
170 593
580 1000
756 651
462 382
585 566
715 439
532 871
313 943
531 612
178 471
128 704
127 8
454 296
37 272
644 776
520 822
595 346
761 70
46 38
230 259
124 770
13 487
311 198
854 609
922 25
49 467
272 318
849 564
197 328
908 491
586 797
110 695
383 577
998 102
853 865
968 469
3 604
221 338
659 408
110 401
8 961
304 621
413 214
366 238
314 269
777 915
65 641
906 73
730 661
872 320
445 598
281 749
301 658
102 597
473 277
368 589
557 481
431 660
267 671
159 645
302 968
590 347
385 538
317 269
924 795
7 593
252 294
787 21
700 818
682 197
112 700
575 402
104 373
968 734
695 789
187 351
320 317
341 473
821 943
36 553
511 777
23 317
687 778
429 518
526 140
89 481
682 374
891 788
766 896
394 938
26 60
922 808
744 594
249 84
729 290
503 731
452 607
623 826
936 388
990 219
573 81
294 594
649 545
398 716
345 871
351 660
563 980
913 773
291 185
936 162
793 863
336 990
482 564
249 807
899 327
797 784
154 786
121 477
590 418
505 638
289 569
589 590
914 888
187 198
301 818
21 83
7 308
547 55
260 49
601 907
371 899
190 453
752 914
750 765
751 172
759 625
135 333
12 664
901 278
578 677
890 883
600 937
915 81
660 963
238 51
995 468
851 18
542 427
191 219
820 777
802 300
221 772
275 148
298 31
449 409
674 850
751 864
134 568
105 696
955 29
327 41
901 234
226 988
562 930
302 409
341 509
235 662
680 362
182 947
483 780
247 999
216 73
127 285
771 259
365 408
847 564
9 540
943 1
14 303
307 291
590 357
645 503
169 454
387 411
709 708
691 73
340 409
404 215
558 795
282 30
286 574
822 924
308 814
258 7
762 289
853 598
445 19
145 639
349 503
462 142
444 429
562 200
177 46
196 350
287 33
490 191
989 135
664 926
885 342
803 95
382 496
384 255
168 582
760 32
524 227
599 569
747 490
769 204
119 660
301 935
328 795
536 352
699 252
148 110
135 288
910 990
505 198
966 810
845 187
336 405
742 781
928 585
986 499
72 367
219 448
189 552
805 473
997 209
498 322
94 639
938 257
43 943
486 462
137 38
792 326
373 605
229 537
130 984
57 872
938 35
5 392
977 975
209 613
504 659
373 967
138 555
857 145
144 548
222 509
792 612
479 470
309 426
269 148
799 772
872 757
585 648
602 530
36 752
598 940
922 753
409 418
959 702
19 627
494 979
260 911
279 189
412 578
70 98
880 218
737 807
24 950
477 100
376 393
49 293
452 806
460 965
581 271
895 483
455 834
791 292
206 380
962 998
780 626
932 462
499 99
281 212
779 373
987 502
932 349
291 431
186 91
307 278
63 947
889 920
102 927
180 637
733 791
281 502
661 91
862 820
902 415
45 390
180 659
113 656
850 759
655 994
488 76
589 90
627 475
902 185
280 344
209 278
781 776
673 135
857 418
358 945
160 173
640 359
806 308
203 193
665 980
8 497
869 668
178 513
431 465
658 375
821 217
34 573
94 373
94 695
299 707
360 563
654 106
597 91
415 594
622 798
492 71
131 171
134 802
230 599
875 398
453 7
300 673
616 546
669 552
912 291
782 494
142 472
719 422
443 875
960 63
102 492
178 468
439 468
37 287
928 500
177 148
305 991
893 638
179 962
435 620
224 233
900 546
576 123
153 76
487 657
285 713
744 23
581 305
125 393
382 264
885 447
428 208
406 999
927 190
548 289
487 631
570 473
772 893
634 992
637 415
858 476
567 823
508 213
248 1
721 940
891 255
150 764
428 663
746 265
214 291
309 21
682 529
664 60
106 227
65 561
122 706
985 576
233 747
643 902
536 118
958 781
646 312
655 887
521 375
80 225
355 937
674 847
821 140
560 658
21 980
117 623
501 448
337 615
284 106
947 730
144 733
414 765
204 785
601 163
375 344
503 263
535 592
574 46
633 626
523 796
909 315
797 84
952 802
57 642
450 874
874 671
277 54
299 858
986 688
678 346
883 788
886 44
370 961
790 712
780 270
781 35
527 515
81 650
594 223
463 489
429 201
766 754
899 313
224 245
164 809
483 896
11 809
289 591
477 334
99 640
559 752
709 35
634 546
429 380
340 937
159 151
970 544
96 157
907 81
226 923
36 424
935 647
572 579
779 155
284 539
525 627
803 273
253 442
881 625
788 411
517 547
320 960
27 877
615 492
341 983
13 332
769 306
4 537
613 27
635 575
506 633
63 399
29 235
260 150
650 329
256 110
938 189
815 529
800 822
639 893
549 768
15 89
900 465
611 276
350 840
904 244
746 158
443 646
825 342
204 821
652 801
709 784
938 878
208 591
616 348
575 306
625 146
536 701
889 357
597 28
246 186
726 880
838 350
400 128
476 443
956 909
249 254
122 495
654 380
143 613
960 103
301 337
874 405
47 285
487 106
434 882
843 402
828 38
871 124
796 516
249 849
693 992
899 277
959 381
67 573
720 849
223 934
611 620
831 679
903 346
963 503
176 995
429 463
358 511
34 257
699 17
297 869
798 455
980 558
875 688
215 307
487 558
552 749
332 621
370 312
79 416
45 272
232 297
394 24
823 801
440 694
537 200
612 564
578 996
371 926
267 875
845 186
739 651
858 263
397 905
39 84
370 109
232 86
638 706
678 629
328 585
53 40
284 730
670 217
88 565
768 321
213 594
14 204
930 493
847 339
277 934
593 365
795 937
687 751
708 586
179 444
413 469
299 631
763 202
800 48
907 884
127 419
829 443
28 222
909 323
297 235
669 579
141 42
164 157
112 166
790 441
601 531
614 669
886 86
779 936
316 640
650 855
592 997
558 167
886 368
743 217
268 145
79 67
712 441
463 342
983 543
162 767
182 250
331 960
560 918
427 641
870 183
928 938
504 268
306 574
849 488
961 247
763 946
196 81
533 190
183 373
645 817
979 650
323 110
231 585
15 684
932 572
547 863
217 608
185 2
167 950
24 128
354 667
933 965
856 841
765 391
94 507
497 129
651 890
531 800
273 752
716 348
419 782
78 529
307 817
812 606
682 160
318 147
895 671
894 806
762 479
169 833
42 209
943 373
752 502
826 689
279 354
304 839
859 587
70 786
645 300
479 346
264 265
765 813
415 738
532 754
438 641
759 105
866 68
745 941
669 551
377 113
924 194
469 577
108 135
631 757
192 170
71 806
2 167
684 975
500 152
83 432
305 990
288 748
476 129
36 514
614 411
575 867
390 721
309 748
693 984
626 586
748 341
931 975
35 130
770 83
384 410
847 35
427 604
524 70
249 762
430 929
714 340
382 446
889 970
838 694
846 408
495 234
926 336
195 230
395 280
163 772
560 180
926 483
655 547
366 236
662 425
485 881
156 202
854 641
211 897
471 435
919 991
205 227
674 106
379 208
967 563
787 313
823 527
648 529
8 237
669 165
372 731
502 670
872 380
555 194
283 53
61 661
62 86
776 40
485 597
419 955
976 428
462 895
998 797
394 743
472 251
633 734
655 389
731 547
109 139
238 593
810 190
60 433
759 241
908 615
692 190
217 218
808 403
383 205
826 964
751 369
669 666
943 111
486 211
880 5
644 999
965 884
343 800
839 863
511 254
187 284
690 141
16 484
802 674
236 726
461 759
723 156
600 337
859 556
843 170
719 72
991 983
443 197
76 449
938 236
728 693
648 706
676 957
805 543
534 55
404 216
84 17
295 161
67 382
694 265
509 973
685 857
367 467
573 644
656 336
72 407
254 867
681 803
115 27
172 178
524 479
271 941
858 433
141 873
91 2
54 138
383 810
918 547
893 150
371 818
580 70
929 218
177 605
531 634
824 496
551 839
242 61
774 34
868 985
122 743
237 850
124 57
903 710
803 590
18 490
860 613
988 594
185 427
114 67
170 177
859 295
946 913
366 341
991 643
981 888
195 687
38 203
268 127
317 384
483 104
375 398
359 517
255 756
270 367
207 625
602 353
933 199
551 280
905 382
924 398
412 346
820 335
52 753
680 698
469 757
844 373
477 892
657 158
983 718
588 882
463 174
504 821
843 260
441 806
879 905
788 806
308 808
847 453
884 723
135 964
432 272
587 542
841 180
73 2
712 679
949 646
239 474
276 336
816 325
701 403
343 264
516 698
901 948
295 485
867 838
10 279
197 963
354 914
909 678
453 762
437 229
479 638
135 290
543 744
676 518
73 559
954 928
869 51
263 510
108 939
473 290
293 631
385 532
869 388
318 410
321 406
449 345
307 935
15 414
734 770
533 349
368 663
985 439
601 591
87 312
189 264
248 956
523 488
359 984
648 775
481 586
669 911
35 922
445 189
492 206
256 692
900 101
722 795
83 603
264 159
899 807
131 177
354 26
887 356
448 475
856 456
444 539
733 626
101 980
520 336
199 759
292 427
130 282
258 199
297 379
291 789
257 901
336 890
945 272
448 872
925 794
451 603
878 810
495 898
297 533
651 373
45 158
126 170
630 407
634 377
214 857
162 764
328 204
475 367
37 556
188 528
439 200
29 588
323 819
72 241
474 685
145 891
499 18
525 728
379 632
302 724
715 233
770 257
957 877
708 53
837 727
50 651
21 85
988 837
223 712
261 299
501 950
580 15
894 363
841 637
219 433
521 639
742 815
203 411
765 390
179 8
329 974
167 682
26 950
65 964
583 638
747 788
694 829
405 785
134 484
796 172
907 548
622 83
364 711
56 112
916 734
149 214
522 885
235 562
843 819
91 566
627 195
558 370
189 157
48 835
982 474
804 942
477 642
618 441
761 527
485 867
89 394
201 704
751 632
340 253
87 768
221 270
41 184
994 14
832 349
744 633
827 594
387 469
230 695
527 553
314 754
443 986
154 27
541 669
157 840
28 624
452 772
568 549
418 660
555 957
455 915
425 580
637 601
50 875
936 651
822 757
568 916
923 928
131 758
465 288
34 471
932 917
842 366
426 313
242 594
404 197
885 268
408 128
429 278
214 724
34 326
4 650
419 256
439 861
285 375
361 241
2 667
721 785
500 716
980 726
927 841
132 621
495 459
722 381
210 425
730 656
806 741
953 183
293 958
702 474
495 312
635 533
817 480
659 261
143 156
823 526
989 802
741 129
12 981
694 793
953 243
177 867
882 936
725 366
982 119
968 705
74 656
860 855
41 361
96 908
344 438
240 199
744 695
800 121
361 853
982 337
334 753
952 804
313 750
923 101
691 449
472 393
11 702
848 548
728 122
505 455
288 555
821 767
456 669
224 425
973 916
615 759
541 752
232 996
714 4
254 341
648 558
663 93
705 463
780 415
181 1000
162 578
571 185
248 253
980 310
103 129
107 322
126 226
865 114
206 186
537 740
466 223
754 696
641 257
442 20
650 721
478 846
64 526
48 131
354 526
548 240
914 902
298 567
150 444
499 202
340 794
489 416
695 144
823 991
475 117
430 823
812 76
962 609
998 355
176 182
822 29
517 545
935 278
21 306
688 209
924 259
712 215
531 637
807 216
404 285
228 661
312 986
185 426
997 267
601 626
802 299
825 122
863 726
55 53
812 656
905 50
778 256
872 187
213 493
610 595
496 159
351 19
27 377
263 857
615 410
470 359
424 347
830 199
65 95
502 52
48 779
692 236
929 758
108 411
643 416
244 747
151 137
189 54
796 66
653 711
734 498
365 405
810 290
886 217
559 237
545 951
572 360
258 224
973 807
596 358
524 715
653 411
126 429
274 630
867 397
430 141
785 130
678 471
572 78
597 749
447 970
123 890
805 976
292 229
357 985
604 334
344 748
71 651
954 365
148 420
987 499
850 202
779 330
102 103
399 533
979 496
650 757
319 482
31 446
567 24
628 26
821 889
674 350
638 919
949 968
381 150
457 766
461 222
33 319
882 300
811 872
725 994
997 77
191 26
472 632
722 468
906 159
564 471
771 609
209 805
385 644
80 28
40 698
256 407
129 671
740 7
511 917
42 604
669 910
801 382
753 101
476 708
402 227
33 348
8 54
265 681
602 322
587 410
805 303
307 317
250 88
951 970
421 423
773 658
389 665
374 457
801 713
107 206
144 852
607 245
887 645
545 716
72 566
922 926
701 796
652 267
359 125
187 656
41 910
870 843
562 24
525 100
759 622
329 313
733 449
226 246
387 551
50 983
234 8
141 492
70 402
954 257
23 520
683 586
825 530
572 807
955 169
812 246
440 313
121 523
969 326
167 958
619 840
819 887
105 360
276 58
872 311
449 538
780 634
15 735
536 494
129 936
556 17
647 490
725 902
247 326
964 382
470 227
163 729
20 182
21 731
194 938
527 976
741 108
156 310
929 508
198 665
594 646
53 170
270 445
756 623
523 390
981 846
854 436
178 685
431 365
588 352
860 733
790 940
369 222
632 676
355 31
47 957
4 745
517 61
726 109
928 20
232 101
89 24
825 396
293 430
134 348
51 212
804 574
473 874
679 494
611 12
589 897
961 205
834 373
50 292
378 937
730 386
288 401
678 162
992 677
683 632
995 826
921 536
633 806
762 130
211 248
460 77
639 216
272 20
573 186
611 891
25 380
10 744
876 258
839 923
861 255
903 510
567 781
628 269
224 91
893 703
736 230
719 999
667 584
449 811
858 911
236 801
419 259
183 298
96 244
997 850
378 597
90 990
373 264
682 762
310 171
204 95
149 231
928 662
819 851
737 494
349 992
647 441
100 314
745 43
484 89
301 637
603 389
860 492
609 532
294 462
116 524
299 100
427 171
781 984
753 481
590 300
77 935
5 154
798 985
13 703
218 207
686 955
422 509
392 526
887 235
29 181
68 589
250 959
734 618
274 60
627 726
939 306
637 193
299 659
212 656
998 787
825 319
630 442
223 112
299 544
981 68
268 561
705 836
493 746
23 313
616 355
174 703
394 967
881 96
680 879
398 950
700 370
60 145
251 158
444 48
501 1
74 224
670 866
965 882
643 242
718 858
130 451
978 767
500 335
504 138
191 938
426 655
292 115
455 993
595 378
723 817
300 934
317 512
999 228
124 802
196 727
642 473
84 948
652 162
374 578
989 191
790 48
864 114
615 37
743 112
724 953
487 694
148 368
441 490
793 125
474 354
491 704
208 442
710 764
686 355
854 961
360 261
418 125
3 717
543 463
581 792
858 447
531 527
972 651
845 147
976 846
337 900
263 404
30 417
859 27
60 956
665 710
104 40
217 719
329 901
555 147
25 720
725 559
472 955
968 512
18 379
4 826
132 247
160 232
34 753
683 132
812 795
868 136
502 922
322 308
804 912
470 356
473 128
972 222
613 732
482 78
635 124
468 909
565 281
877 215
347 792
701 361
390 886
190 758
710 505
32 240
485 954
750 76
218 743
992 766
649 871
634 175
630 211
153 973
597 906
620 707
844 597
283 719
557 211
931 683
89 524
644 716
515 738
888 268
597 748
727 813
70 292
474 949
898 83
551 926
486 52
183 76
422 780
421 855
514 18
422 927
245 548
543 141
193 905
715 780
628 27
133 617
82 387
989 680
216 945
346 316
97 890
722 179
139 550
870 379
51 865
153 952
876 936
985 522
404 323
678 537
403 13
422 347
253 306
793 424
764 184
356 973
18 460
846 914
246 686
906 367
946 816
508 820
216 493
693 101
825 149
735 510
129 670
82 854
234 941
809 649
42 248
117 548
647 581
468 816
630 769
843 998
900 103
268 761
450 756
91 714
674 150
312 653
442 708
648 103
813 851
687 974
680 664
691 959
478 169
687 959
389 664
201 114
676 428
71 298
532 840
148 773
774 977
991 341
562 311
534 906
641 908
607 261
240 893
84 966
446 805
813 299
831 998
922 14
979 83
815 699
165 690
140 967
931 980
291 117
664 761
516 634
483 989
196 446
159 74
720 816
813 57
615 109
943 714
158 886
290 150
629 817
388 767
577 926
263 169
675 57
55 267
774 319
336 343
717 165
465 117
33 361
609 670
167 802
160 596
432 969
507 271
366 70
375 780
431 526
52 337
252 311
570 146
972 802
170 228
591 859
4 867
422 470
170 119
315 866
119 184
985 266
158 492
535 874
916 728
440 145
489 870
635 198
321 146
252 654
323 626
938 3
955 931
192 737
507 824
861 649
56 336
519 750
852 956
856 311
634 216
930 750
424 419
463 834
946 280
13 175
86 495
571 653
753 866
97 774
478 133
540 128
743 395
155 162
140 310
947 785
783 177
188 42
504 879
89 57
770 780
553 164
295 875
371 449
135 898
488 675
486 914
590 265
841 225
913 796
827 818
940 755
776 532
761 58
563 876
953 648
914 766
20 561
681 665
284 314
82 150
552 302
286 276
641 315
718 315
81 982
188 622
343 306
533 878
756 25
812 219
261 619
188 733
281 293
391 984
983 770
320 936
785 806
661 123
422 641
495 469
613 146
413 66
604 891
769 298
792 117
702 472
741 62
140 677
997 132
823 520
886 644
928 484
692 325
604 921
740 719
96 672
597 448
190 110
946 760
566 453
470 494
817 849
530 266
622 988
697 267
860 849
754 236
21 833
708 653
288 368
623 498
368 14
30 649
562 522
835 514
558 562
910 240
70 893
170 659
862 233
863 176
830 779
706 365
483 606
840 775
566 658
283 464
500 947
891 807
965 881
468 191
44 638
446 786
70 174
862 410
795 335
12 115
732 930
50 406
628 755
165 603
24 609
63 638
652 163
31 166
345 939
567 784
272 287
145 551
349 287
98 513
106 116
180 787
35 48
277 83
25 234
834 679
279 677
543 168
125 425
521 842
99 850
779 14
525 542
601 510
185 861
901 639
500 546
873 72
416 391
864 773
665 340
211 835
177 594
278 163
113 860
369 298
262 853
601 711
428 613
253 622
203 943
55 902
574 690
649 345
879 112
56 187
710 230
682 787
518 437
68 677
321 169
930 200
86 107
587 658
289 459
937 487
701 390
705 835
65 172
82 770
608 995
489 796
273 991
181 766
928 93
506 57
605 859
496 127
633 530
647 774
445 426
598 208
503 404
212 245
18 828
916 869
226 59
942 733
635 349
947 73
415 679
53 726
849 939
574 296
465 930
407 963
156 705
505 481
362 314
166 558
80 811
616 653
526 318
529 234
476 213
740 790
581 278
432 275
336 959
478 526
487 678
261 641
188 935
764 646
491 768
468 612
490 203
879 695
20 856
760 37
107 117
543 140
488 808
286 255
289 841
658 522
208 423
577 802
525 514
987 143
474 502
595 962
893 57
531 554
626 980
204 258
3 953
742 774
731 51
569 332
755 185
118 492
293 378
946 862
928 445
357 381
949 25
474 187
664 487
369 423
260 274
834 939
527 380
397 615
125 610
729 679
722 756
651 560
356 266
86 119
825 261
701 426
167 466
596 704
705 845
971 212
701 283
920 606
192 696
579 931
636 816
130 759
41 48
577 134
672 126
397 43
916 889
757 917
604 495
784 759
839 147
554 769
598 478
545 706
430 60
322 733
533 661
843 293
371 484
195 808
294 945
979 82
28 670
162 648
35 234
2 993
165 531
86 274
979 963
84 677
927 419
361 504
641 734
992 182
367 310
757 378
614 221
281 223
998 124
470 549
897 997
591 199
727 391
837 323
552 717
515 451
276 85
318 712
817 287
215 64
551 554
42 758
850 865
923 983
102 754
733 564
590 167
127 340
651 993
670 31
189 960
143 133
997 240
358 938
142 839
284 876
699 618
84 348
263 765
803 920
61 38
612 104
407 470
835 267
942 968
209 580
161 697
960 358
437 604
424 277
812 888
853 100
925 695
50 339
772 30
4 160
633 714
977 712
183 578
916 158
41 189
188 436
476 483
46 185
448 216
196 622
643 41
992 901
858 384
107 458
314 864
477 244
67 616
771 794
794 89
876 124
469 897
970 678
230 246
695 263
638 66
414 8
72 127
807 467
538 836
119 603
944 51
854 554
855 455
608 128
440 370
93 584
849 234
479 947
794 541
229 152
927 987
288 567
443 820
760 682
786 620
389 288
213 357
972 982
276 941
492 626
601 278
507 249
57 826
48 915
659 85
878 331
200 814
446 162
187 852
644 35
463 515
725 476
853 151
550 217
164 620
511 823
868 500
887 440
291 611
383 201
4 53
207 447
528 534
576 770
630 245
465 837
282 149
763 468
984 487
913 989
364 377
292 494
84 904
602 973
197 407
810 342
199 585
884 759
885 90
779 581
121 133
31 784
378 540
295 671
854 414
546 699
689 499
345 938
257 236
852 363
128 895
702 953
315 259
199 303
822 502
73 725
382 297
954 182
992 493
974 108
390 98
376 898
506 817
823 984
419 398
341 623
870 349
341 609
864 774
630 937
560 15
413 274
998 497
155 653
608 283
829 893
423 204
797 479
690 785
86 910
513 776
716 273
916 435
350 531
545 415
52 185
899 640
384 627
227 181
285 781
507 133
39 354
522 776
392 45
856 722
14 100
363 450
933 882
751 735
368 476
683 791
497 312
557 882
449 189
235 652
18 938
339 666
382 604
476 513
744 549
799 703
784 652
966 164
130 306
370 911
500 318
923 529
876 177
17 140
994 346
350 280
723 862
580 701
218 470
892 843
164 68
899 395
865 657
562 115
619 110
214 966
73 6
770 100
516 384
600 305
953 598
968 309
491 896
665 251
831 674
888 492
651 312
157 559
505 540
459 903
6 860
353 720
561 11
709 147
250 840
954 74
607 884
855 111
450 509
983 197
444 683
967 72
845 804
37 999
422 639
206 806
615 446
232 189
656 719
807 360
184 457
941 738
66 316
858 256
612 279
185 102
138 864
266 317
267 588
492 405
445 777
906 365
835 129
359 839
18 349
131 169
772 374
151 603
896 627
317 335
941 789
411 822
393 263
512 365
114 325
276 724
80 317
123 497
30 607
397 328
436 274
972 252
96 951
498 631
248 670
835 588
765 915
490 551
601 15
31 660
839 253
937 13
832 373
231 333
182 691
457 400
594 723
961 771
979 375
322 730
918 470
810 551
192 242
926 957
598 590
212 253
533 517
426 899
957 677
49 424
329 769
993 113
968 758
913 592
515 292
242 554
611 655
516 666
132 855
831 599
300 29
410 882
844 990
400 587
974 101
246 911
816 67
250 991
659 527
608 229
664 183
868 703
304 540
789 704
599 825
786 758
894 367
16 650
398 816
370 59
778 18
119 404
308 197
332 195
575 129
707 25
854 683
731 399
949 124
627 334
869 309
816 655
302 654
138 919
855 870
293 960
688 585
639 816
604 725
860 847
972 145
705 778
423 587
299 569
891 35
982 478
880 304
442 887
244 703
174 678
951 300
243 430
473 879
368 115
352 616
313 726
264 270
640 953
934 831
279 110
336 839
767 259
365 747
892 891
467 103
984 443
527 565
734 235
330 277
439 405
805 470
942 500
690 117
31 831
549 239
649 744
505 762
857 589
59 31
22 385
811 109
874 136
802 637
915 241
663 648
261 728
444 706
615 949
470 582
897 960
572 710
77 352
775 995
135 64
907 43
450 434
147 398
565 22
317 279
959 279
214 458
345 521
282 292
917 419
974 496
52 384
289 82
47 655
51 712
769 345
208 29
749 917
566 296
588 304
551 188
664 288
208 940
467 745
602 116
837 779
768 270
950 570
94 456
662 885
913 609
412 429
177 112
350 225
239 491
892 380
911 810
326 382
868 501
373 817
523 786
770 605
499 967
425 1000
267 33
65 401
781 379
306 625
783 961
959 764
909 23
433 294
478 502
279 227
840 743
158 515
345 638
71 530
934 50
707 742
120 972
27 616
728 779
488 528
505 662
894 152
822 725
991 978
996 712
499 432
463 277
159 12
514 13
935 607
332 752
918 875
577 939
137 998
489 27
91 379
328 919
201 495
37 881
332 583
893 930
788 306
223 767
725 857
746 196
768 942
466 543
105 357
980 204
271 954
474 50
498 140
191 115
599 86
607 889
783 278
167 860
682 910
994 940
242 137
260 312
229 925
765 315
983 356
142 828
588 340
312 39
328 399
27 460
816 599
658 294
42 592
130 975
972 74
576 675
705 833
83 981
806 193
292 312
807 792
468 471
977 629
482 77
744 776
374 199
892 384
626 340
957 220
613 554
563 381
947 986
208 780
478 176
425 964
634 170
250 179
658 156
201 877
199 782
681 27
645 496
799 715
338 430
782 542
732 610
142 410
495 516
757 209
870 976
410 82
585 832
537 131
288 698
918 442
26 98
154 95
415 84
352 92
409 11
306 105
538 419
732 823
684 690
63 567
335 818
58 399
698 882
55 435
93 892
334 126
513 175
362 783
548 517
254 817
646 653
849 279
958 691
116 818
941 319
101 162
47 423
566 914
764 981
173 471
363 980
128 489
773 407
65 578
66 317
858 257
971 610
855 113
574 733
775 350
163 654
76 213
313 253
955 698
904 440
775 495
572 64
929 987
893 394
566 272
460 852
181 687
47 674
351 115
407 317
854 142
433 674
886 799
652 707
29 412
228 3
625 39
368 72
539 339
758 325
761 487
925 113
607 96
187 637
335 301
961 150
781 131
766 963
161 878
623 778
919 21
871 316
193 445
602 531
582 33
684 993
49 350
212 254
984 335
325 57
405 369
983 676
947 498
948 857
71 730
611 545
337 500
135 185
17 884
538 139
384 291
607 693
727 822
791 402
667 608
328 64
384 210
358 364
175 814
768 840
988 979
510 443
647 192
480 762
278 557
488 149
106 364
767 529
183 480
186 324
423 433
447 63
399 184
935 474
83 128
793 453
523 220
85 547
746 431
910 556
379 202
587 993
4 735
170 227
208 50
155 605
467 863
672 212
328 619
76 249
114 388
354 503
760 622
47 968
394 634
178 522
864 668
494 459
756 922
835 269
85 246
464 733
591 667
397 282
290 938
838 623
252 760
626 269
296 322
451 351
616 267
834 222
710 437
506 127
770 630
878 655
934 173
65 436
265 602
515 262
878 638
627 826
956 988
204 601
931 518
17 186
44 661
616 696
11 548
283 871
603 598
642 350
365 891
426 981
941 96
743 362
54 757
817 82
637 596
624 321
400 891
903 267
317 730
597 344
49 36
110 703
560 936
776 885
599 521
435 896
440 534
756 100
419 266
465 453
711 992
323 931
245 569
54 49
111 960
242 817
7 133
176 143
552 570
632 264
807 744
507 300
573 973
271 675
464 424
912 924
994 632
924 787
893 434
83 824
808 635
60 472
42 191
616 216
523 644
292 682
272 701
458 940
293 78
316 801
578 140
106 669
235 819
787 872
260 808
887 299
744 715
28 284
835 660
677 185
787 985
93 290
809 113
402 457
559 69
317 826
140 213
919 93
500 331
980 93
748 401
469 720
880 793
455 989
6 709
376 456
127 933
393 866
337 419
390 695
706 812
693 774
840 454
453 349
951 498
935 969
537 298
679 931
774 585
336 613
559 761
62 931
448 627
380 630
896 455
345 601
59 939
563 619
233 140
451 197
270 779
300 486
48 23
252 230
789 102
112 910
441 200
703 672
816 12
565 655
985 518
774 149
267 963
485 704
319 56
285 120
560 400
446 181
751 906
117 810
426 65
673 64
621 650
995 54
401 389
644 455
830 494
613 998
433 820
855 809
240 874
895 605
674 848
757 668
415 898
812 314
517 386
848 999
260 893
726 792
571 857
607 15
297 240
680 202
887 271
39 691
654 212
303 942
287 469
977 208
702 144
296 56
408 658
260 915
356 804
748 102
641 932
596 210
875 109
607 434
644 712
969 608
227 958
727 809
139 256
382 30
205 575
166 783
633 60
941 139
185 36
422 768
295 530
352 204
334 460
671 951
693 651
200 16
93 891
229 363
429 345
358 321
324 433
534 324
202 981
25 884
337 58
56 542
271 797
58 244
116 930
689 318
928 722
927 780
416 422
774 113
149 509
777 828
454 923
671 408
290 677
932 884
517 802
954 652
612 480
8 334
975 822
635 833
372 793
622 30
678 767
94 502
789 574
332 447
759 480
123 2
125 720
551 468
130 976
517 196
429 676
122 854
146 70
627 515
244 207
233 994
199 975
844 256
312 657
350 73
353 507
613 589
771 721
682 310
171 529
317 241
264 483
654 176
162 818
566 972
292 465
844 742
738 97
490 342
891 46
798 558
782 647
469 648
163 469
734 156
239 550
334 270
904 561
11 793
50 833
839 579
111 600
353 784
762 444
528 28
395 23
80 464
806 21
991 181
37 726
757 327
577 993
263 20
880 788
992 56
828 662
606 440
765 205
379 638
286 222
794 661
153 267
923 827
708 51
301 899
676 721
453 728
208 277
462 686
730 646
569 764
593 134
861 408
831 132
523 223
138 179
582 830
955 616
225 907
172 918
527 300
621 705
233 640
30 130
588 270
661 438
20 290
96 664
243 603
29 172
401 333
829 645
377 574
604 727
290 939
899 619
277 42
721 405
174 565
531 116
866 381
973 567
601 248
614 886
196 846
329 413
457 336
130 726
496 442
334 942
649 850
264 304
123 765
511 114
765 803
551 990
134 949
287 429
805 32
74 58
169 262
795 502
615 713
600 94
943 182
822 941
568 382
953 946
970 112
352 295
794 130
705 485
895 62
738 359
153 171
410 314
303 565
70 352
794 420
889 866
743 75
799 181
978 987
269 598
531 561
370 409
580 292
822 489
968 792
111 850
457 607
78 9
595 161
663 774
176 49
31 381
569 574
293 838
258 523
579 373
300 402
729 980
931 304
272 755
538 754
336 454
355 610
854 664
903 728
678 342
915 772
113 692
668 724
299 925
582 794
686 756
820 830
398 460
881 312
124 416
545 97
484 779
964 637
440 177
973 505
579 862
403 891
229 601
160 48
70 599
721 497
896 783
617 745
877 238
218 413
735 208
706 502
66 857
583 924
382 551
187 567
763 376
657 171
145 479
532 669
745 882
725 172
981 274
881 368
359 418
734 58
37 170
40 66
596 42
724 500
653 16
782 716
420 437
991 574
98 315
653 97
68 391
486 950
168 309
890 526
720 151
144 462
244 119
56 181
163 203
314 101
25 238
263 92
68 52
106 387
399 428
440 563
775 961
633 498
814 665
287 763
219 209
915 685
355 561
124 231
108 622
233 941
916 88
77 100
479 912
595 923
798 498
157 140
716 419
890 888
617 192
636 356
618 683
345 261
18 485
385 690
5 249
893 484
968 517
806 485
26 795
587 662
131 444
739 851
481 551
647 604
91 628
990 716
982 260
251 266
623 530
900 31
995 923
411 250
639 552
269 248
255 467
257 656
259 62
80 513
465 789
282 837
865 468
22 771
332 299
212 117
342 752
348 885
867 816
700 580
960 127
16 455
71 611
718 554
280 636
886 364
69 78
70 281
326 951
172 329
316 174
400 836
521 904
814 987
598 882
512 581
200 17
440 608
497 593
421 803
150 483
79 315
233 111
343 502
698 227
846 475
346 446
978 179
699 247
189 861
685 824
893 147
48 387
45 197
785 994
641 483
261 321
659 466
538 605
420 776
651 854
564 477
307 940
697 244
556 841
660 358
264 985
82 960
32 341
855 863
437 171
938 153
506 174
449 124
195 624
643 740
717 811
26 750
8 429
344 453
507 787
867 19
830 229
869 577
488 527
69 605
490 546
52 813
353 506
5 657
122 41
979 395
931 620
923 999
738 126
477 970
667 38
260 624
546 941
418 536
218 998
579 312
748 474
750 654
589 858
770 212
692 689
716 689
629 26
116 451
617 546
559 707
83 250
211 433
141 486
749 849
433 450
720 821
131 14
186 241
629 139
996 642
906 662
410 505
429 299
140 802
146 803
54 952
68 792
81 894
797 576
45 219
819 972
65 278
91 169
656 671
776 205
567 491
242 922
651 916
779 219
730 647
837 609
507 258
785 974
879 26
534 579
741 5
836 303
399 43
794 910
846 832
595 704
274 634
341 888
952 467
792 316
99 298
872 106
485 569
634 609
554 282
169 824
441 707
248 991
561 722
156 210
673 504
240 323
900 177
255 879
338 816
164 628
996 166
23 275
523 747
913 203
636 791
846 858
231 285
344 255
307 501
491 112
364 130
2 413
754 566
94 652
227 650
464 808
47 511
123 621
306 7
109 594
420 3
739 295
597 845
157 976
212 173
490 331
225 46
801 969
435 631
992 776
610 443
956 147
623 172
550 708
617 542
744 38
837 1
847 216
7 481
927 16
552 286
20 796
577 893
562 46
932 713
624 294
834 555
787 498
618 402
848 222
569 686
475 500
292 767
96 488
6 69
391 479
570 192
938 428
594 314
623 69
642 708
954 722
26 917
423 181
116 697
246 632
15 241
910 697
949 93
137 169
513 547
939 155
298 33
501 550
304 252
322 187
398 124
436 183
76 110
845 20
543 954
14 140
324 876
792 566
960 680
230 782
472 114
703 240
938 883
43 541
562 519
430 303
838 728
288 324
109 788
700 665
477 784
947 112
986 534
28 397
894 31
211 847
472 319
930 588
239 891
594 662
386 115
923 152
800 461
748 403
917 618
205 904
26 13
923 265
124 824
775 653
686 24
125 322
453 347
236 605
183 102
194 249
154 792
727 613
965 176
785 586
42 793
24 378
775 947
836 163
128 226
914 897
194 639
266 80
730 605
33 699
125 21
825 711
642 791
475 74
607 941
332 977
557 136
382 756
651 79
444 967
506 940
927 810
195 243
162 112
739 662
594 399
557 281
29 960
730 895
893 129
180 348
591 138
309 112
366 3
459 431
246 981
674 134
751 916
582 486
285 766
941 924
108 605
40 709
275 158
938 831
30 724
81 136
806 373
420 560
13 959
215 569
365 364
442 955
830 206
874 966
393 457
530 250
967 83
697 667
56 269
678 157
292 296
972 442
705 17
562 698
106 526
420 244
245 121
411 283
50 121
107 104
681 425
538 290
79 966
575 973
689 918
887 559
874 410
123 898
415 448
625 580
398 694
6 679
870 934
452 529
139 258
306 305
624 316
1 293
831 857
44 381
182 686
999 407
124 947
108 640
506 998
347 135
851 228
287 952
695 47
590 771
77 340
150 480
11 329
254 820
447 439
655 754
432 852
185 892
498 461
65 726
542 832
52 468
734 49
627 88
81 426
773 404
578 620
9 319
929 254
837 541
750 278
932 999
241 262
574 704
43 8
996 178
780 691
307 943
685 649
497 109
99 305
964 551
696 829
159 839
588 379
648 928
763 579
635 816
617 477
636 111
415 834
75 409
80 803
217 765
719 329
812 913
373 837
355 198
449 157
912 531
530 222
472 42
517 976
527 831
816 818
217 282
182 772
257 755
791 890
633 674
207 371
448 66
416 544
74 4
991 339
424 235
558 978
649 534
118 965
376 292
193 434
822 967
418 537
326 246
847 304
244 795
117 19
637 988
610 404
499 335
357 917
754 888
620 797
589 810
186 534
470 719
205 690
832 676
917 501
685 121
499 26
746 121
34 173
586 974
914 969
495 78
189 783
707 878
689 463
512 320
370 164
958 573
426 338
65 690
368 973
935 471
298 808
157 115
713 547
424 762
812 305
193 870
712 357
218 242
128 278
826 501
20 724
995 278
578 274
835 353
303 447
416 17
396 317
933 980
546 755
333 628
673 511
731 673
159 968
844 64
147 784
669 875
803 128
154 798
576 695
821 848
435 13
329 562
887 768
666 915
539 387
260 160
448 384
191 584
620 302
639 530
895 996
472 6
862 247
575 726
356 664
892 570
715 467
348 536
420 189
369 531
377 120
144 183
914 327
866 972
121 3
2 188
222 771
447 954
505 269
491 814
333 994
421 567
741 898
499 299
743 244
211 479
766 303
801 953
702 860
110 723
457 867
265 642
270 899
150 313
63 584
193 986
626 676
241 642
612 919
228 920
928 830
391 982
417 319
870 426
928 685
410 764
37 955
258 952
392 506
229 131
730 664
87 37
185 37
564 487
696 663
553 882
406 894
388 797
56 165
19 27
366 326
441 877
502 774
857 309
584 731
385 886
170 484
100 869
963 673
427 830
752 444
643 575
880 532
95 34
616 219
246 394
283 188
785 710
87 734
571 961
218 411
739 23
151 893
83 539
174 710
675 895
325 849
672 443
66 966
142 275
734 425
754 603
847 714
375 983
230 760
891 670
535 441
131 943
211 157
230 331
505 440
325 109
680 116
311 142
866 835
315 203
44 523
802 699
783 812
770 157
590 522
202 331
735 551
701 883
931 153
68 272
549 303
850 222
667 956
742 464
731 967
658 729
453 491
435 880
312 380
386 436
818 403
401 941
348 326
354 903
997 895
133 853
826 105
422 596
632 184
975 648
745 860
634 778
987 214
593 16
798 2
802 65
20 134
167 113
669 239
680 570
142 205
669 128
319 795
137 782
566 264
750 85
697 79
401 378
562 887
415 873
19 164
445 921
669 930
412 397
341 17
325 636
40 996
717 918
539 474
756 844
5 298
579 973
193 26
898 875
930 673
787 792
540 32
65 448
850 474
122 19
456 963
143 869
681 142
240 106
496 452
523 899
265 919
508 943
456 594
130 271
828 218
640 788
314 707
186 94
178 402
309 844
325 28
187 432
260 700
466 409
488 737
433 32
254 456
222 618
779 757
945 205
52 191
288 924
922 215
873 355
770 148
569 922
896 422
181 420
625 822
81 784
138 297
432 198
508 305
533 160
400 612
475 56
835 365
872 692
779 32
671 214
820 223
579 335
637 93
930 63
402 644
719 619
189 716
81 67
137 369
18 436
536 9
590 252
281 36
941 622
555 244
369 89
5 219
851 769
963 859
947 638
985 311
983 260
143 77
366 382
1000 468
801 133
471 961
630 586
939 371
598 20
838 519
78 844
601 225
13 819
108 503
454 143
790 597
648 110
23 382
92 899
503 375
2 439
574 383
758 4
524 528
373 102
501 81
126 790
107 198
329 192
183 741
844 737
597 951
28 502
156 547
340 448
857 858
841 381
866 920
580 670
780 456
891 567
106 773
435 541
370 654
272 496
512 773
162 642
883 500
520 612
723 95
941 236
154 814
421 75
876 703
383 593
477 396
723 460
232 593
709 225
824 885
951 164
755 863
332 564
684 289
723 445
105 118
931 136
646 877
149 203
208 377
171 271
963 251
581 840
25 131
825 766
256 15
438 315
261 274
854 627
67 95
547 841
489 753
956 682
772 930
534 577
441 118
224 610
833 692
357 266
927 626
787 295
807 152
903 7
354 512
229 832
178 722
964 501
803 492
217 776
159 661
574 844
152 669
880 447
869 304
341 247
859 358
933 979
628 821
38 185
186 900
248 993
216 77
156 44
263 776
655 58
397 278
290 934
455 32
921 932
214 155
587 289
660 595
705 958
373 990
364 109
735 14
127 719
701 170
114 580
888 911
479 332
959 630
139 641
670 767
305 665
711 17
753 795
365 597
972 451
890 84
946 226
308 971
202 114
774 948
477 44
798 250
279 218
852 8
378 659
398 937
226 479
887 534
680 40
475 420
7 317
482 548
11 774
874 354
947 466
996 362
383 740
165 561
480 461
173 102
893 695
875 852
470 744
141 948
817 393
379 686
451 237
894 67
395 400
776 968
428 203
128 183
384 33
831 455
725 832
262 70
525 580
147 258
257 326
976 858
423 81
651 946
603 413
362 613
803 657
293 933
129 908
22 196
613 236
356 27
986 446
180 489
846 930
152 330
480 855
748 660
507 14
34 882
643 768
204 38
725 644
806 597
208 101
324 991
114 311
665 957
596 663
669 989
303 195
217 6
19 248
187 874
522 737
674 548
952 190
436 471
413 426
464 1000
636 886
503 393
951 917
754 457
442 443
667 450
143 193
465 814
597 13
106 552
700 266
614 704
260 955
624 204
614 595
335 406
754 826
463 498
448 937
954 667
714 412
805 803
427 549
887 875
837 82
713 92
749 902
534 82
685 158
867 711
851 202
679 446
893 859
550 968
179 575
97 336
334 103
926 299
328 924
951 236
720 654
918 991
977 369
98 890
906 831
959 95
125 19
698 189
242 849
388 589
245 874
877 617
698 44
702 620
796 284
48 361
910 633
324 654
918 680
977 172
155 616
449 331
157 58
893 368
823 613
330 911
721 167
5 230
868 82
725 567
94 542
60 666
62 120
285 775
972 71
666 822
117 584
958 54
869 729
874 949
857 129
30 613
804 920
786 255
473 136
221 570
61 913
78 881
497 347
673 279
35 810
769 868
388 30
832 496
243 931
456 964
74 415
202 168
517 287
701 210
403 915
776 151
740 680
500 405
27 15
71 318
218 670
184 546
114 799
140 697
374 277
469 213
190 638
658 886
74 113
314 704
97 176
596 222
763 615
309 843
71 604
936 251
40 432
387 677
540 485
615 867
767 36
714 432
992 818
763 837
141 511
457 826
404 791
230 33
72 223
472 113
917 479
132 889
314 4
667 520
559 526
505 919
508 306
145 806
703 627
547 991
784 507
785 854
897 188
258 974
388 545
389 264
655 621
536 411
646 928
560 33
27 177
854 711
671 503
506 561
103 753
877 734
744 324
238 104
55 626
115 287
711 603
972 901
782 3
302 884
104 155
527 325
878 43
181 825
699 692
538 872
571 828
708 558
878 410
769 934
170 445
887 88
134 528
888 773
868 315
400 354
13 818
456 913
74 288
681 247
313 700
170 735
51 65
895 851
899 190
277 766
204 562
118 936
853 427
557 242
197 311
454 430
148 781
593 806
615 673
84 95
842 15
794 170
335 78
83 417
193 545
668 862
953 346
254 410
715 740
61 490
162 804
486 121
698 561
326 918
168 786
546 765
250 660
710 351
20 660
296 596
462 97
465 323
966 721
328 69
440 639
866 28
567 276
224 591
814 869
270 711
281 450
600 672
234 418
533 52
332 795
649 629
848 724
385 477
759 525
320 867
301 673
506 597
878 229
57 69
498 209
831 17
29 55
697 21
241 177
973 320
521 327
596 781
467 723
907 606
341 246
934 373
928 190
378 365
804 833
420 586
437 564
282 631
10 707
609 631
765 960
843 954
75 20
118 234
895 998
622 810
861 562
109 813
112 31
247 230
778 946
302 332
505 64
235 987
568 637
919 199
903 834
194 247
909 493
16 356
87 907
331 605
909 126
641 992
588 515
476 229
878 85
689 988
448 846
214 913
140 12
857 550
699 263
610 438
519 528
337 442
748 328
516 582
165 560
991 996
814 935
376 143
395 55
876 548
948 937
23 818
382 421
37 758
920 502
222 690
98 996
686 221
449 802
619 330
934 650
881 871
533 886
845 900
319 172
760 100
870 473
330 605
556 200
849 338
669 487
872 653
357 75
216 881
875 514
307 829
366 251
635 702
483 445
393 901
52 398
898 710
209 221
82 613
773 379
955 648
578 709
81 283
526 605
94 547
731 286
74 567
389 772
856 765
329 579
860 809
221 981
94 349
754 164
152 920
890 292
325 673
822 353
772 106
1000 715
255 315
476 819
922 650
960 329
282 877
183 185
891 803
567 676
749 321
662 728
610 137
238 702
614 705
151 93
981 286
346 681
787 589
442 486
350 295
822 909
236 698
865 174
131 830
886 260
279 366
361 671
527 644
400 973
700 216
314 783
561 262
926 526
736 300
220 117
484 437
723 22
941 51
945 48
917 442
538 897
293 84
893 971
237 679
45 630
384 159
497 570
793 14
689 388
110 459
111 995
610 957
336 279
64 806
655 520
12 574
125 131
141 926
369 337
976 839
205 43
134 233
309 125
368 535
544 522
57 125
185 432
950 116
65 922
545 974
981 668
968 521
199 307
674 871
210 318
273 838
790 877
8 437
619 765
247 212
892 303
450 497
146 95
57 968
666 934
596 539
812 936
138 651
394 785
531 176
491 287
290 862
899 820
869 954
377 468
913 144
553 441
610 826
922 750
482 169
763 280
835 887
508 937
606 182
643 328
992 614
27 959
371 881
725 770
575 974
746 588
305 898
434 870
291 243
883 621
594 520
773 764
689 996
862 265
775 754
427 512
799 248
30 971
362 87
733 100
555 780
737 97
441 412
225 309
67 694
340 610
676 964
646 756
774 441
582 410
784 365
417 372
201 397
52 547
335 719
463 140
38 550
688 247
119 393
449 677
768 63
333 363
6 403
906 133
545 713
379 149
366 397
775 485
483 211
748 733
855 859
113 82
518 393
148 756
40 21
341 66
416 103
398 59
321 387
170 442
928 405
191 448
161 661
19 307
331 197
577 237
705 976
887 456
507 900
991 446
703 458
959 604
374 84
156 799
251 411
964 408
796 815
691 3
554 777
974 662
110 834
637 872
641 923
969 310
878 838
791 85
712 406
211 87
379 969
50 235
969 391
918 88
296 823
525 311
413 640
782 571
732 866
392 901
291 461
917 385
793 915
956 489
459 322
174 410
50 604
358 188
58 435
556 342
993 852
23 627
689 115
638 46
953 454
457 567
295 275
760 952
374 636
391 892
51 983
747 594
513 62
72 474
863 860
111 27
37 900
833 793
685 792
11 297
894 662
417 114
418 301
937 875
384 869
924 615
512 97
161 117
720 260
48 641
929 8
397 562
553 932
401 439
919 685
618 580
613 936
377 592
873 955
252 272
863 272
954 540
117 926
118 457
65 243
483 92
446 336
138 609
210 88
913 429
622 969
697 502
644 299
147 789
27 315
236 147
493 764
978 860
117 688
213 141
434 234
553 352
165 106
830 788
527 796
364 254
645 417
792 875
79 869
300 662
83 350
818 983
414 443
692 972
967 314
550 486
204 784
973 997
306 146
717 527
145 673
619 47
638 281
382 91
954 440
420 380
23 945
349 373
430 941
470 750
326 514
629 875
68 221
931 217
988 30
693 553
771 544
647 141
942 552
721 7
807 459
263 277
15 660
103 484
394 343
696 555
847 910
110 253
108 494
494 28
423 32
261 133
29 105
232 11
733 641
912 481
720 224
721 185
686 777
930 327
274 163
627 307
845 344
27 505
100 145
626 73
754 146
402 127
310 668
869 675
843 968
972 172
494 600
649 151
411 100
543 823
269 382
91 668
5 324
737 430
450 565
490 614
930 779
681 151
960 330
107 243
31 615
889 365
45 697
286 701
857 871
676 493
731 842
735 770
836 747
642 316
519 998
405 322
740 891
19 916
560 620
101 580
597 591
525 418
180 885
276 320
338 9
67 733
106 125
179 218
453 488
77 22
646 521
941 67
374 890
582 447
159 154
950 179
219 167
93 642
812 176
299 36
814 674
141 116
180 570
237 567
332 973
258 1000
209 30
727 308
711 851
294 401
437 83
24 85
81 100
319 38
391 725
894 686
717 79
422 309
601 718
708 790
836 355
977 70
163 667
76 168
670 238
907 520
765 308
604 630
53 232
511 620
204 68
460 222
812 651
998 604
565 77
342 222
455 85
627 700
866 476
648 791
303 225
285 952
109 210
367 750
1000 665
839 384
865 525
574 247
151 130
835 745
433 409
674 697
628 868
611 78
406 308
70 993
718 781
425 862
135 543
213 935
162 923
274 621
374 666
948 733
842 120
735 759
349 88
850 415
98 728
343 574
111 578
239 633
828 426
408 293
462 152
887 841
121 282
429 433
870 132
466 182
111 800
367 394
404 128
417 267
236 867
2 679
565 636
338 132
627 175
869 214
653 251
621 949
938 465
426 269
907 342
752 827
623 8
355 782
545 450
488 493
274 50
902 862
831 76
688 470
609 893
995 335
998 838
659 36
164 718
340 540
423 607
319 542
814 950
70 656
236 168
186 835
532 636
633 565
507 628
679 588
682 304
576 979
705 241
814 461
616 564
374 452
947 172
295 1000
316 453
121 107
249 30
503 657
532 961
331 512
630 184
166 981
226 970
509 325
862 347
645 767
79 87
512 792
90 986
794 74
577 586
102 175
585 71
20 662
846 286
828 317
595 26
79 373
559 703
344 385
586 891
219 894
36 408
519 349
902 367
138 456
376 851
784 330
220 348
37 818
833 879
872 659
962 662
693 395
436 868
399 272
150 738
190 399
154 737
91 70
733 523
109 627
298 788
47 755
798 89
622 381
510 751
96 559
351 297
722 431
319 975
123 198
394 402
432 545
824 291
398 506
841 50
238 245
603 719
919 684
649 408
647 765
711 102
502 830
126 706
731 940
574 962
919 350
544 273
820 70
237 468
649 122
47 823
393 436
507 818
300 416
990 829
921 858
539 391
667 330
501 272
156 874
394 982
705 9
815 602
411 185
378 956
715 471
754 563
807 575
321 724
378 815
417 917
17 179
723 945
781 49
748 420
658 956
453 64
382 894
438 956
97 254
374 706
309 897
935 845
793 844
776 542
67 595
311 68
796 752
802 629
840 288
917 420
11 25
842 485
580 68
195 213
569 576
130 9
551 624
668 780
865 281
820 631
629 573
383 49
102 663
929 201
492 567
684 181
647 451
194 169
159 550
95 763
96 715
705 595
685 541
599 59
39 480
482 351
523 236
651 738
726 186
912 802
568 196
234 856
679 208
683 149
260 98
423 918
562 990
321 116
414 751
881 28
99 43
356 602
307 585
312 736
97 606
670 591
982 365
400 259
183 520
52 657
439 502
771 421
274 759
916 826
118 918
688 937
886 491
581 407
452 733
757 118
153 792
779 636
35 220
979 21
466 64
31 168
822 685
846 295
738 500
63 539
802 921
417 509
533 807
914 875
681 524
394 580
738 615
991 875
284 843
864 733
215 317
236 888
245 966
216 928
586 514
497 905
444 988
360 415
986 199
881 611
698 43
940 156
48 554
67 24
986 494
54 310
293 582
936 858
543 726
105 510
432 538
76 169
80 44
43 944
726 343
512 217
108 602
270 249
862 786
38 885
114 455
441 653
316 527
299 347
48 985
821 242
330 703
203 135
151 959
136 76
800 947
193 855
892 297
652 727
826 562
657 879
843 68
660 534
649 771
122 31
86 434
99 492
972 439
294 655
729 744
460 611
883 376
999 974
624 964
734 393
331 406
919 9
157 994
953 540
965 859
801 682
660 656
934 974
574 417
982 986
785 382
332 751
272 87
456 308
918 434
6 664
558 149
567 205
857 195
936 141
480 25
63 686
818 337
380 546
766 27
144 288
767 810
116 100
1000 683
115 420
908 418
418 946
257 112
684 313
281 378
220 377
862 952
152 201
444 881
798 320
358 715
73 585
20 64
243 185
505 924
619 585
975 537
506 572
363 861
894 715
273 629
971 538
536 13
704 835
138 873
569 459
368 644
385 254
426 44
437 147
462 998
123 170
968 551
510 978
687 524
621 214
997 420
229 522
639 775
289 789
952 27
39 28
998 982
251 191
342 874
880 269
330 802
386 752
478 122
192 783
691 359
236 56
933 238
296 253
577 156
230 602
451 923
88 127
202 203
41 79
65 718
409 435
396 897
919 45
406 64
11 560
509 467
274 590
738 235
203 319
807 937
677 85
153 208
828 924
944 709
619 69
838 225
714 467
606 861
129 335
572 981
461 690
634 650
541 942
176 814
658 650
611 209
903 172
281 165
625 982
42 986
985 810
793 595
626 524
21 354
349 821
745 170
447 470
411 257
579 248
952 630
698 112
682 669
261 179
10 30
945 681
910 422
72 299
548 552
38 576
989 672
498 125
741 15
124 7
667 122
739 546
276 916
208 42
872 449
673 144
802 500
887 699
19 2
938 212
835 356
109 119
351 462
818 879
677 474
159 951
670 95
42 195
393 49
57 518
649 202
467 419
875 494
457 345
165 104
297 160
354 51
506 246
553 503
544 222
448 163
641 884
956 75
95 393
649 565
526 333
378 671
651 326
828 13
645 577
261 924
939 940
724 78
173 320
840 579
362 139
469 693
680 44
628 738
557 923
153 172
121 352
175 519
343 737
14 899
221 197
81 946
478 716
318 801
796 753
176 970
414 340
89 883
20 683
628 384
650 558
281 129
580 291
174 436
61 267
182 67
336 671
779 31
237 593
591 338
150 540
808 772
675 175
197 543
8 576
704 749
745 23
475 609
786 785
822 189
591 624
314 396
656 832
414 931
486 48
455 226
739 943
354 403
742 550
726 187
322 181
144 701
587 739
475 257
705 892
708 609
786 151
307 856
806 210
403 669
422 203
830 212
498 549
445 42
341 489
514 781
511 825
243 971
28 229
156 978
251 468
770 594
33 819
350 8
778 853
249 251
620 414
1 640
458 105
799 594
408 557
265 332
853 721
430 130
839 994
936 3
844 948
166 648
120 870
357 583
943 960
487 452
126 156
698 517
794 16
44 407
124 933
141 471
823 159
770 9
457 770
684 711
940 857
335 801
949 549
698 871
770 440
22 277
560 844
633 266
906 680
779 426
449 771
546 403
547 86
712 899
594 103
817 204
159 277
972 552
403 513
299 158
82 290
894 349
368 955
369 342
247 365
270 476
626 822
589 130
113 841
510 725
756 661
422 594
835 30
194 138
271 50
976 88
285 765
212 986
673 88
105 398
656 778
532 149
382 368
895 756
995 162
668 324
688 522
743 515
34 628
576 555
95 13
269 352
590 983
521 840
516 54
644 3
60 218
445 272
841 507
434 3
559 97
62 523
715 367
974 552
4 384
269 804
842 102
143 895
292 155
349 86
170 827
500 38
763 744
12 10
13 351
788 923
241 914
25 433
390 651
831 81
581 172
106 204
604 323
897 869
112 183
46 328
709 8
681 623
77 334
967 328
505 923
803 476
272 532
665 483
103 678
81 164
707 888
566 26
669 428
204 692
101 58
855 385
163 603
493 320
204 309
6 7
190 352
377 863
376 646
638 866
640 77
18 433
388 835
929 663
437 314
462 999
485 526
52 103
91 907
332 439
105 763
479 433
246 324
160 127
549 763
967 156
770 760
660 580
520 463
294 974
687 877
264 141
763 219
708 712
213 246
530 216
353 499
890 202
655 368
624 914
382 614
455 750
494 880
995 781
481 173
682 891
705 352
482 827
790 136
362 261
719 274
734 245
956 23
762 226
391 292
124 783
298 96
553 197
718 521
77 855
292 166
960 193
482 541
525 407
893 573
606 834
441 445
558 400
926 724
604 470
515 447
257 83
774 408
580 351
360 314
766 102
125 102
452 234
570 469
291 300
918 923
557 185
188 700
85 712
146 572
163 998
989 526
741 445
299 230
64 865
565 719
87 31
494 7
133 851
212 828
623 46
806 634
453 994
458 732
369 495
167 52
705 629
246 535
34 875
218 252
881 276
554 370
664 462
725 747
748 572
643 696
91 919
756 995
833 346
835 500
540 839
764 293
562 538
356 567
88 941
251 459
252 608
736 873
76 862
437 978
813 939
763 340
442 899
826 930
277 542
739 479
244 935
631 853
83 355
896 904
126 391
967 311
571 758
455 611
98 444
743 268
305 894
69 126
452 778
555 939
439 28
297 611
872 821
317 608
837 121
654 545
325 405
718 404
294 990
946 628
338 370
941 203
780 207
604 267
434 527
37 754
3 574
6 899
500 828
718 349
626 734
681 935
663 755
985 773
289 782
167 869
349 578
134 118
135 459
301 991
340 891
641 66
77 262
333 156
160 908
684 183
320 834
11 423
177 947
904 490
501 702
891 266
268 881
622 142
664 298
536 314
223 321
419 488
392 173
284 459
269 409
507 242
486 513
153 362
78 798
34 764
646 818
4 248
982 355
808 386
147 463
772 229
520 22
867 161
151 232
210 612
943 124
191 763
875 346
108 75
36 824
891 660
269 942
36 911
130 468
314 553
468 94
11 635
925 803
641 960
770 228
183 857
149 729
645 676
79 920
10 689
509 267
291 168
22 456
528 461
658 576
42 705
295 609
119 893
11 950
598 878
513 296
366 974
224 995
279 697
926 300
875 708
968 798
55 470
556 281
439 951
833 932
45 284
289 810
596 383
100 380
455 618
30 3
358 700
501 880
119 417
237 854
665 721
8 716
981 567
548 698
525 160
55 922
861 877
623 215
958 168
134 414
561 948
803 861
578 455
378 161
198 508
18 14
751 736
365 357
664 422
307 20
553 300
221 678
402 256
957 210
636 919
286 994
30 776
58 773
610 822
627 407
170 631
547 652
789 684
39 61
321 325
705 155
176 599
874 626
904 655
418 704
942 459
122 366
469 763
188 703
885 3
671 664
802 729
819 685
359 220
658 533
2 17
330 418
25 432
93 111
549 461
510 171
827 231
684 676
48 206
196 478
609 419
915 761
589 498
805 693
111 914
624 302
42 631
387 868
909 727
57 338
419 599
202 813
385 347
977 481
561 226
194 973
450 355
990 461
345 591
807 285
384 925
683 275
617 27
461 641
290 331
903 642
834 780
872 487
156 288
677 706
807 67
332 466
523 392
234 783
773 192
372 913
856 522
527 497
216 361
948 90
768 448
481 603
433 728
831 701
307 195
973 522
867 27
999 526
307 112
874 692
913 112
682 319
941 8
246 150
249 178
835 855
361 936
914 346
569 236
541 537
391 406
527 986
35 440
420 102
560 713
462 126
862 561
672 711
914 636
544 455
64 311
727 708
582 73
840 440
895 402
457 840
885 136
44 344
228 653
407 590
896 489
515 273
521 940
297 800
962 870
214 731
970 537
845 923
258 653
870 54
341 716
961 382
396 515
703 658
405 827
980 577
837 728
716 543
272 640
717 306
276 200
295 156
525 939
394 191
693 313
345 427
919 971
954 959
930 204
803 678
760 521
195 888
561 1000
925 71
341 768
954 681
318 48
693 76
56 127
220 818
424 739
173 984
32 504
985 390
186 881
463 563
374 234
792 593
888 806
388 356
227 468
429 528
175 92
69 569
967 16
71 223
623 594
631 935
522 553
545 920
654 234
986 570
420 164
904 873
559 171
709 762
433 311
771 475
314 530
600 955
136 578
589 997
757 159
852 389
727 891
619 146
317 779
31 800
141 288
515 111
554 523
653 881
79 52
541 799
417 613
610 490
838 439
81 944
723 1
45 21
750 693
686 230
779 384
577 283
992 477
186 12
303 887
371 8
599 752
30 149
693 635
50 719
766 302
572 584
299 180
906 916
524 299
375 961
589 267
737 504
884 377
281 594
779 353
926 98
767 652
492 562
293 943
146 816
773 469
315 959
1000 229
428 630
581 584
986 440
132 612
199 437
312 167
845 451
885 962
464 418
848 263
772 674
161 375
695 758
310 656
313 428
562 989
137 254
998 781
911 910
289 427
308 369
99 44
429 739
467 464
673 269
691 253
821 957
558 704
778 960
339 650
411 766
204 992
596 482
64 179
909 443
748 229
986 542
2 377
278 234
995 836
103 886
162 883
266 618
832 39
540 360
601 366
306 178
933 279
343 534
969 67
1 465
993 69
386 166
889 148
136 860
72 858
895 426
571 352
441 395
889 773
463 286
884 8
789 745
300 73
799 33
729 797
859 730
146 867
699 117
516 837
208 424
150 591
443 435
372 331
854 979
251 522
766 191
436 680
112 952
974 424
906 904
245 884
428 308
987 47
860 343
573 886
794 581
544 912
727 161
216 705
858 304
217 680
234 630
197 642
997 396
60 946
132 455
777 782
869 400
525 836
51 561
124 73
53 67
761 916
872 27
697 80
809 526
557 580
562 878
674 864
179 258
130 962
730 242
812 534
173 800
283 224
390 330
948 246
696 958
716 122
735 174
41 438
229 757
857 52
363 335
610 836
402 257
574 251
995 898
298 446
246 24
92 950
936 308
991 470
188 385
908 906
315 466
92 83
776 832
664 599
204 667
579 779
514 416
736 624
292 54
526 645
814 151
174 54
417 707
144 5
779 669
945 373
799 342
858 958
620 817
931 60
724 247
280 901
514 117
8 10
386 480
154 279
867 886
7 33
409 818
777 767
153 309
390 58
121 745
216 959
72 419
564 890
919 264
741 391
445 714
848 339
8 244
900 884
246 926
601 701
985 542
252 43
471 267
717 111
555 348
8 745
100 119
565 907
26 981
722 598
315 852
100 198
948 296
472 869
475 618
985 425
269 416
622 54
234 927
937 462
874 915
229 664
88 804
491 353
175 721
990 837
27 195
51 201
342 984
478 8
151 162
304 731
585 702
970 352
117 505
634 213
249 177
469 444
400 221
330 146
683 666
211 237
73 204
496 709
480 218
173 345
799 421
782 653
995 825
352 388
741 918
153 213
488 708
325 447
279 970
186 360
921 216
278 879
581 142
305 131
546 614
487 748
418 981
45 467
438 16
186 105
104 913
372 284
232 487
875 655
310 222
737 354
96 342
833 867
188 702
45 885
120 348
284 573
965 402
668 859
622 406
215 964
513 498
204 347
629 726
902 28
164 953
801 88
394 414
971 392
739 967
761 455
911 282
485 544
507 232
289 285
146 510
476 921
852 748
285 969
414 759
74 802
501 363
283 168
982 490
787 567
749 53
182 990
700 543
973 557
151 849
703 388
528 904
376 746
182 841
75 155
27 92
209 849
784 689
573 216
109 952
592 414
296 107
154 329
908 850
710 322
378 393
469 592
273 333
27 890
245 391
891 635
343 924
862 424
982 769
97 99
975 120
541 798
620 889
14 902
698 991
650 602
74 939
603 982
127 744
332 704
153 467
108 580
732 97
55 460
395 267
470 973
771 692
979 697
837 699
732 391
918 532
996 284
462 656
391 748
413 84
161 187
694 975
162 212
950 357
756 700
868 982
826 608
651 824
985 598
837 989
198 869
270 374
219 282
873 777
201 178
204 93
227 132
579 187
635 208
749 247
894 992
354 257
119 3
605 984
791 615
1000 674
213 59
640 627
398 871
146 132
863 17
460 484
123 290
269 202
421 415
739 108
28 279
982 720
183 693
991 258
15 195
429 789
856 63
883 742
757 193
871 377
467 15
231 30
658 924
258 387
573 239
645 674
695 38
614 549
191 487
541 881
639 114
895 452
457 182
707 722
799 258
927 473
611 389
382 120
898 241
791 382
794 398
7 431
384 230
292 983
230 143
246 504
494 556
210 347
638 107
769 102
736 119
225 138
497 909
6 143
559 849
138 31
436 856
550 426
612 657
871 624
530 668
177 588
396 810
660 111
419 667
773 456
42 322
902 228
159 320
442 709
31 467
978 787
108 598
113 594
994 531
318 201
433 801
640 305
164 727
705 861
778 643
618 962
552 649
756 852
640 547
192 807
155 429
963 530
296 261
683 915
749 426
431 249
625 128
426 410
383 144
972 591
921 647
231 348
343 870
532 699
457 487
558 959
596 374
581 486
361 579
474 866
149 650
295 481
841 218
62 872
245 275
563 690
736 206
220 87
521 950
774 544
48 338
751 398
491 524
974 235
427 804
814 848
690 738
999 364
825 633
73 764
217 491
368 843
720 496
497 937
3 790
298 682
253 364
15 285
509 706
938 700
877 402
691 830
